   2.3503286e-04   1.7453293e-03
   3.7309089e-04   2.1991149e-03
   5.8649619e-04   2.7576202e-03
   9.3925257e-04   3.4906585e-03
   1.4781093e-03   4.3807764e-03
   2.3395990e-03   5.5152404e-03
   3.7033023e-03   6.9464104e-03
   5.8479956e-03   8.7440996e-03
   9.2263647e-03   1.1013028e-02
   1.4485097e-02   1.3857914e-02
   2.2671791e-02   1.7453293e-02
   3.5201568e-02   2.1973695e-02
   5.4052202e-02   2.7663469e-02
   8.1645748e-02   3.4819319e-02
   1.2066002e-01   4.3842671e-02
   1.7297976e-01   5.5187311e-02
   2.3903092e-01   6.9481558e-02
   3.1653537e-01   8.7475902e-02
   4.0080160e-01   1.1013028e-01
   4.8587116e-01   1.3863150e-01
   5.6647391e-01   1.7453293e-01
   6.9148301e-01   2.6179939e-01
   7.5927208e-01   3.4906585e-01
   8.0114466e-01   4.3633231e-01
   8.2944686e-01   5.2359878e-01
   8.4982980e-01   6.1086524e-01
   8.6521376e-01   6.9813170e-01
   8.7725288e-01   7.8539816e-01
   8.8695278e-01   8.7266463e-01
   8.9495999e-01   9.5993109e-01
   9.0170973e-01   1.0471976e+00
   9.0750648e-01   1.1344640e+00
   9.1257070e-01   1.2217305e+00
   9.1706701e-01   1.3089969e+00
   9.2112210e-01   1.3962634e+00
   9.2483643e-01   1.4835299e+00
   9.2829227e-01   1.5707963e+00
   9.3155934e-01   1.6580628e+00
   9.3469905e-01   1.7453293e+00
   9.3776773e-01   1.8325957e+00
   9.4081934e-01   1.9198622e+00
   9.4390778e-01   2.0071286e+00
   9.4708901e-01   2.0943951e+00
   9.5042288e-01   2.1816616e+00
   9.5397453e-01   2.2689280e+00
   9.5781490e-01   2.3561945e+00
   9.6201884e-01   2.4434610e+00
   9.6665836e-01   2.5307274e+00
   9.7178590e-01   2.6179939e+00
   9.7739894e-01   2.7052603e+00
   9.8337515e-01   2.7925268e+00
   9.8937567e-01   2.8797933e+00
   9.9475470e-01   2.9670597e+00
   9.9859336e-01   3.0543262e+00
   1.0000000e+00   3.1415927e+00