0.00	4.383e-11	4.333e-11	4.999e-13	6.154e-16	0.000e+00
0.11	3.946e-11	3.879e-11	6.551e-13	7.108e-15	4.277e-17
0.23	4.039e-11	3.907e-11	1.308e-12	1.241e-14	2.868e-16
0.34	3.822e-11	3.678e-11	1.385e-12	5.528e-14	1.657e-16
0.45	3.763e-11	3.571e-11	1.844e-12	7.582e-14	1.038e-15
0.56	3.853e-11	3.585e-11	2.574e-12	1.005e-13	1.519e-15
0.68	3.907e-11	3.530e-11	3.631e-12	1.428e-13	2.394e-15
0.79	3.827e-11	3.481e-11	3.236e-12	2.169e-13	4.871e-15
0.90	3.795e-11	3.252e-11	5.164e-12	2.528e-13	1.291e-14
1.01	3.891e-11	3.475e-11	3.790e-12	3.627e-13	8.674e-15
1.13	3.525e-11	3.060e-11	4.082e-12	5.633e-13	1.129e-14
1.24	3.267e-11	2.805e-11	4.290e-12	3.045e-13	2.726e-14
1.35	3.231e-11	2.764e-11	4.211e-12	4.297e-13	2.938e-14
1.46	3.446e-11	2.734e-11	5.671e-12	1.390e-12	5.701e-14
1.58	3.092e-11	2.494e-11	5.424e-12	5.007e-13	5.536e-14
1.69	3.259e-11	2.496e-11	6.699e-12	9.022e-13	2.657e-14
1.80	3.015e-11	2.355e-11	5.513e-12	1.029e-12	5.811e-14
1.91	3.414e-11	2.570e-11	7.701e-12	6.735e-13	6.168e-14
2.03	2.903e-11	2.104e-11	6.216e-12	1.671e-12	9.364e-14
2.14	3.071e-11	2.279e-11	6.713e-12	1.115e-12	9.708e-14
2.25	3.154e-11	2.331e-11	6.773e-12	1.310e-12	1.436e-13
2.36	2.886e-11	2.124e-11	6.359e-12	1.070e-12	1.905e-13
2.48	2.787e-11	1.993e-11	6.039e-12	1.581e-12	3.194e-13
2.59	2.876e-11	2.185e-11	5.450e-12	1.230e-12	2.283e-13
2.70	2.534e-11	1.820e-11	5.790e-12	1.193e-12	1.532e-13
2.81	2.618e-11	1.755e-11	6.602e-12	1.743e-12	2.838e-13
2.93	2.795e-11	1.974e-11	6.484e-12	1.531e-12	1.947e-13
3.04	2.619e-11	1.671e-11	7.310e-12	1.341e-12	8.255e-13
3.15	2.631e-11	1.820e-11	5.762e-12	2.044e-12	3.015e-13
3.26	2.364e-11	1.533e-11	6.548e-12	1.486e-12	2.797e-13
3.38	2.494e-11	1.469e-11	7.225e-12	2.307e-12	7.140e-13
3.49	2.337e-11	1.441e-11	6.201e-12	2.294e-12	4.659e-13
3.60	2.595e-11	1.665e-11	6.304e-12	2.431e-12	5.711e-13
3.71	2.420e-11	1.516e-11	6.662e-12	2.010e-12	3.748e-13
3.83	2.312e-11	1.399e-11	6.216e-12	2.060e-12	8.575e-13
3.94	2.186e-11	1.167e-11	6.852e-12	2.727e-12	6.131e-13
4.05	2.098e-11	1.226e-11	6.630e-12	1.697e-12	3.934e-13
4.16	2.151e-11	1.165e-11	6.818e-12	2.461e-12	5.788e-13
4.28	2.482e-11	1.401e-11	7.023e-12	3.005e-12	7.909e-13
4.39	2.209e-11	1.172e-11	7.623e-12	2.205e-12	5.475e-13
4.50	1.840e-11	1.010e-11	5.874e-12	1.996e-12	4.385e-13
4.61	2.127e-11	1.043e-11	7.384e-12	2.430e-12	1.019e-12
4.73	1.957e-11	9.681e-12	6.833e-12	2.118e-12	9.365e-13
4.84	1.881e-11	1.002e-11	6.209e-12	1.872e-12	7.098e-13
4.95	1.746e-11	8.248e-12	5.763e-12	2.588e-12	8.555e-13
5.06	1.830e-11	9.020e-12	5.936e-12	2.142e-12	1.206e-12
5.18	1.921e-11	8.514e-12	6.098e-12	3.585e-12	1.010e-12
5.29	1.744e-11	8.582e-12	6.390e-12	1.652e-12	8.210e-13
5.40	1.913e-11	9.358e-12	5.937e-12	2.602e-12	1.234e-12
5.51	1.598e-11	7.627e-12	5.226e-12	2.169e-12	9.584e-13
5.63	1.699e-11	7.230e-12	5.866e-12	3.123e-12	7.697e-13
5.74	1.706e-11	7.378e-12	5.873e-12	2.436e-12	1.372e-12
5.85	1.611e-11	6.951e-12	5.595e-12	2.224e-12	1.343e-12
5.96	1.697e-11	7.318e-12	5.507e-12	2.787e-12	1.357e-12
6.08	1.650e-11	7.416e-12	5.302e-12	2.400e-12	1.385e-12
6.19	1.701e-11	7.063e-12	5.987e-12	2.727e-12	1.237e-12
6.30	1.282e-11	5.462e-12	4.201e-12	1.894e-12	1.267e-12
6.41	1.452e-11	5.595e-12	5.422e-12	2.236e-12	1.270e-12
6.53	1.282e-11	5.731e-12	3.920e-12	2.135e-12	1.039e-12
6.64	1.497e-11	5.618e-12	5.444e-12	2.647e-12	1.262e-12
6.75	1.562e-11	6.246e-12	5.337e-12	2.463e-12	1.572e-12
6.86	1.322e-11	5.058e-12	4.154e-12	2.612e-12	1.394e-12
6.98	1.407e-11	4.817e-12	4.639e-12	3.117e-12	1.494e-12
7.09	1.365e-11	5.163e-12	4.582e-12	2.621e-12	1.288e-12
7.20	1.334e-11	4.708e-12	4.585e-12	2.216e-12	1.833e-12
7.31	1.152e-11	3.961e-12	4.142e-12	2.248e-12	1.166e-12
7.43	1.236e-11	4.552e-12	3.622e-12	2.323e-12	1.865e-12
7.54	1.239e-11	4.196e-12	4.009e-12	2.124e-12	2.059e-12
7.65	1.417e-11	4.478e-12	4.740e-12	3.325e-12	1.631e-12
7.76	1.227e-11	3.858e-12	4.196e-12	2.768e-12	1.451e-12
7.88	1.062e-11	4.071e-12	3.213e-12	1.801e-12	1.532e-12
7.99	1.146e-11	4.090e-12	3.802e-12	2.149e-12	1.418e-12
8.10	1.086e-11	3.846e-12	4.105e-12	1.655e-12	1.258e-12
8.21	1.180e-11	3.267e-12	3.990e-12	2.896e-12	1.649e-12
8.33	1.128e-11	3.411e-12	3.925e-12	2.119e-12	1.823e-12
8.44	1.024e-11	3.278e-12	3.455e-12	2.022e-12	1.480e-12
8.55	9.192e-12	2.789e-12	3.074e-12	1.932e-12	1.398e-12
8.66	9.940e-12	2.621e-12	3.356e-12	2.308e-12	1.656e-12
8.78	1.069e-11	2.914e-12	3.389e-12	1.929e-12	2.460e-12
8.89	1.091e-11	2.817e-12	3.437e-12	2.614e-12	2.046e-12
9.00	1.104e-11	3.212e-12	4.164e-12	1.859e-12	1.807e-12
9.11	9.761e-12	2.553e-12	3.721e-12	1.814e-12	1.672e-12
9.23	9.200e-12	2.479e-12	3.008e-12	1.971e-12	1.742e-12
9.34	9.236e-12	2.115e-12	2.693e-12	2.626e-12	1.802e-12
9.45	8.354e-12	1.929e-12	2.916e-12	1.794e-12	1.715e-12
9.56	8.340e-12	1.927e-12	2.382e-12	2.045e-12	1.986e-12
9.68	1.037e-11	2.218e-12	3.321e-12	2.220e-12	2.608e-12
9.79	9.397e-12	2.457e-12	2.294e-12	2.264e-12	2.381e-12
9.90	7.675e-12	2.111e-12	2.071e-12	2.008e-12	1.486e-12
10.02	7.428e-12	1.683e-12	2.293e-12	1.705e-12	1.748e-12
10.13	7.255e-12	1.726e-12	2.009e-12	1.711e-12	1.809e-12
10.24	7.170e-12	1.630e-12	1.990e-12	1.728e-12	1.823e-12
10.35	8.278e-12	1.642e-12	2.198e-12	1.999e-12	2.439e-12
10.47	9.118e-12	2.124e-12	3.144e-12	1.918e-12	1.932e-12
10.58	7.624e-12	1.445e-12	2.265e-12	1.796e-12	2.119e-12
10.69	7.039e-12	1.523e-12	2.349e-12	1.513e-12	1.655e-12
10.80	7.800e-12	1.444e-12	2.613e-12	1.845e-12	1.898e-12
10.92	7.848e-12	1.491e-12	2.000e-12	1.939e-12	2.418e-12
11.03	7.134e-12	1.278e-12	1.757e-12	1.969e-12	2.130e-12
11.14	7.174e-12	1.584e-12	1.943e-12	1.625e-12	2.022e-12
11.25	6.924e-12	1.225e-12	1.971e-12	1.650e-12	2.077e-12
11.37	6.732e-12	1.391e-12	1.556e-12	1.570e-12	2.215e-12
11.48	6.725e-12	1.388e-12	1.692e-12	1.515e-12	2.130e-12
11.59	6.008e-12	1.050e-12	1.544e-12	1.655e-12	1.759e-12
11.70	6.873e-12	1.265e-12	1.886e-12	1.285e-12	2.437e-12
11.82	6.715e-12	1.019e-12	1.752e-12	1.718e-12	2.225e-12
11.93	6.158e-12	1.124e-12	1.537e-12	1.373e-12	2.124e-12
12.04	6.601e-12	1.063e-12	1.789e-12	1.846e-12	1.902e-12
12.15	5.891e-12	8.973e-13	1.768e-12	1.338e-12	1.888e-12
12.27	5.351e-12	8.836e-13	1.290e-12	1.269e-12	1.909e-12
12.38	6.668e-12	1.141e-12	1.512e-12	1.658e-12	2.358e-12
12.49	6.323e-12	8.892e-13	1.438e-12	1.860e-12	2.135e-12
12.60	5.089e-12	7.385e-13	1.392e-12	1.089e-12	1.870e-12
12.72	5.864e-12	1.029e-12	1.369e-12	1.439e-12	2.026e-12
12.83	5.464e-12	8.466e-13	1.377e-12	1.450e-12	1.790e-12
12.94	6.020e-12	7.221e-13	1.317e-12	1.287e-12	2.694e-12
13.05	5.492e-12	6.568e-13	1.113e-12	1.510e-12	2.212e-12
13.17	4.702e-12	7.441e-13	1.194e-12	1.053e-12	1.710e-12
13.28	5.865e-12	8.537e-13	1.198e-12	1.685e-12	2.128e-12
13.39	5.467e-12	6.107e-13	1.325e-12	1.370e-12	2.162e-12
13.50	4.652e-12	6.237e-13	1.075e-12	1.143e-12	1.811e-12
13.62	4.749e-12	6.325e-13	1.142e-12	1.044e-12	1.930e-12
13.73	4.308e-12	5.993e-13	9.683e-13	9.750e-13	1.765e-12
13.84	5.149e-12	5.760e-13	1.115e-12	1.513e-12	1.945e-12
13.95	4.796e-12	6.468e-13	1.202e-12	1.065e-12	1.882e-12
14.07	4.415e-12	4.899e-13	9.958e-13	9.483e-13	1.981e-12
14.18	5.131e-12	6.472e-13	1.813e-12	7.304e-13	1.940e-12
14.29	4.989e-12	4.496e-13	8.714e-13	1.434e-12	2.234e-12
14.40	4.438e-12	4.372e-13	8.913e-13	1.021e-12	2.088e-12
14.52	3.865e-12	4.298e-13	7.398e-13	8.597e-13	1.836e-12
14.63	4.631e-12	5.569e-13	9.802e-13	1.007e-12	2.087e-12
14.74	5.291e-12	3.833e-13	8.755e-13	1.961e-12	2.070e-12
14.85	4.512e-12	4.006e-13	1.009e-12	1.258e-12	1.844e-12
14.97	4.333e-12	5.205e-13	7.680e-13	9.447e-13	2.100e-12
15.08	3.918e-12	3.926e-13	8.629e-13	9.668e-13	1.696e-12
15.19	4.075e-12	3.245e-13	8.409e-13	1.103e-12	1.806e-12
15.30	3.910e-12	3.871e-13	9.631e-13	7.653e-13	1.794e-12
15.42	4.265e-12	3.661e-13	7.154e-13	1.002e-12	2.181e-12
15.53	3.533e-12	3.114e-13	5.701e-13	6.251e-13	2.027e-12
15.64	3.302e-12	3.162e-13	5.689e-13	7.289e-13	1.688e-12
15.75	3.594e-12	2.915e-13	5.578e-13	6.941e-13	2.051e-12
15.87	3.795e-12	3.067e-13	6.328e-13	6.814e-13	2.174e-12
15.98	3.413e-12	3.272e-13	5.911e-13	8.345e-13	1.660e-12
16.09	4.172e-12	3.129e-13	6.021e-13	1.272e-12	1.985e-12
16.20	3.131e-12	2.397e-13	6.945e-13	6.622e-13	1.535e-12
16.32	2.792e-12	2.602e-13	5.282e-13	6.167e-13	1.387e-12
16.43	4.029e-12	2.297e-13	6.425e-13	9.083e-13	2.248e-12
16.54	3.543e-12	2.444e-13	4.941e-13	6.997e-13	2.104e-12
16.65	3.045e-12	2.691e-13	7.921e-13	4.868e-13	1.497e-12
16.77	3.110e-12	2.596e-13	5.554e-13	6.477e-13	1.647e-12
16.88	3.022e-12	2.432e-13	5.342e-13	5.730e-13	1.672e-12
16.99	3.154e-12	2.715e-13	3.904e-13	5.123e-13	1.979e-12
17.10	3.286e-12	2.137e-13	5.022e-13	6.218e-13	1.948e-12
17.22	2.747e-12	2.494e-13	3.977e-13	5.194e-13	1.581e-12
17.33	2.832e-12	1.751e-13	3.850e-13	4.581e-13	1.814e-12
17.44	3.192e-12	1.766e-13	4.167e-13	6.615e-13	1.937e-12
17.55	3.156e-12	2.393e-13	4.754e-13	5.627e-13	1.879e-12
17.67	2.505e-12	1.580e-13	3.750e-13	4.521e-13	1.520e-12
17.78	2.834e-12	3.397e-13	4.354e-13	5.776e-13	1.481e-12
17.89	3.028e-12	1.763e-13	5.858e-13	7.412e-13	1.525e-12
18.00	2.663e-12	1.594e-13	3.780e-13	5.615e-13	1.564e-12
18.12	3.175e-12	1.694e-13	3.126e-13	4.771e-13	2.216e-12
18.23	2.689e-12	1.300e-13	3.344e-13	4.583e-13	1.766e-12
18.34	2.794e-12	1.248e-13	3.321e-13	5.023e-13	1.834e-12
18.45	2.372e-12	1.203e-13	3.051e-13	4.253e-13	1.522e-12
18.57	2.877e-12	1.129e-13	3.079e-13	4.097e-13	2.046e-12
18.68	2.561e-12	1.171e-13	3.820e-13	4.092e-13	1.653e-12
18.79	3.547e-12	1.103e-13	6.085e-13	5.044e-13	2.324e-12
18.90	2.180e-12	1.002e-13	2.665e-13	3.206e-13	1.493e-12
19.02	2.341e-12	1.027e-13	3.476e-13	3.467e-13	1.544e-12
19.13	2.007e-12	9.954e-14	2.494e-13	3.181e-13	1.340e-12
19.24	2.653e-12	1.382e-13	6.403e-13	6.719e-13	1.203e-12
19.35	2.830e-12	1.162e-13	2.592e-13	6.135e-13	1.841e-12
19.47	2.470e-12	1.072e-13	3.274e-13	3.355e-13	1.700e-12
19.58	2.190e-12	8.802e-14	2.875e-13	3.517e-13	1.463e-12
19.69	2.197e-12	1.233e-13	2.347e-13	3.362e-13	1.503e-12
19.80	2.281e-12	1.115e-13	2.758e-13	3.791e-13	1.514e-12
19.92	2.114e-12	9.315e-14	2.103e-13	3.059e-13	1.505e-12
20.03	1.856e-12	8.259e-14	2.058e-13	2.862e-13	1.281e-12
20.14	2.301e-12	1.864e-13	2.493e-13	2.671e-13	1.598e-12
20.26	2.007e-12	7.211e-14	3.164e-13	2.431e-13	1.375e-12
20.37	1.666e-12	6.175e-14	1.660e-13	2.588e-13	1.179e-12
20.48	1.741e-12	6.476e-14	1.756e-13	2.586e-13	1.242e-12
20.59	1.948e-12	6.298e-14	4.151e-13	2.668e-13	1.204e-12
20.71	1.856e-12	6.499e-14	1.858e-13	3.371e-13	1.268e-12
20.82	1.604e-12	5.759e-14	1.914e-13	2.525e-13	1.102e-12
20.93	1.893e-12	5.362e-14	1.405e-13	2.212e-13	1.477e-12
21.04	1.689e-12	7.255e-14	1.635e-13	2.283e-13	1.224e-12
21.16	1.571e-12	5.213e-14	1.480e-13	2.552e-13	1.115e-12
21.27	2.013e-12	8.871e-14	1.593e-13	3.001e-13	1.465e-12
21.38	1.813e-12	5.408e-14	1.499e-13	2.288e-13	1.380e-12
21.49	1.819e-12	4.658e-14	1.613e-13	2.821e-13	1.329e-12
21.61	1.743e-12	4.486e-14	1.483e-13	2.580e-13	1.292e-12
21.72	1.594e-12	4.576e-14	1.348e-13	2.207e-13	1.193e-12
21.83	1.518e-12	4.657e-14	1.253e-13	2.090e-13	1.137e-12
21.94	1.695e-12	3.876e-14	1.576e-13	2.110e-13	1.287e-12
22.06	1.446e-12	4.662e-14	1.021e-13	2.141e-13	1.083e-12
22.17	1.273e-12	4.343e-14	1.068e-13	1.550e-13	9.678e-13
22.28	1.433e-12	3.910e-14	9.940e-14	1.753e-13	1.119e-12
22.39	1.393e-12	4.233e-14	1.021e-13	1.619e-13	1.086e-12
22.51	1.462e-12	3.488e-14	8.910e-14	2.096e-13	1.129e-12
22.62	1.149e-12	3.080e-14	9.319e-14	1.727e-13	8.520e-13
22.73	1.454e-12	3.448e-14	9.260e-14	1.395e-13	1.187e-12
22.84	1.572e-12	3.210e-14	9.752e-14	4.674e-13	9.754e-13
22.96	1.278e-12	3.878e-14	7.600e-14	1.465e-13	1.016e-12
23.07	1.593e-12	3.150e-14	1.334e-13	1.561e-13	1.272e-12
23.18	1.436e-12	2.439e-14	1.094e-13	2.247e-13	1.077e-12
23.29	1.352e-12	3.328e-14	7.643e-14	1.920e-13	1.050e-12
23.41	1.194e-12	2.471e-14	7.568e-14	1.809e-13	9.128e-13
23.52	1.229e-12	2.742e-14	7.691e-14	1.265e-13	9.985e-13
23.63	1.346e-12	3.180e-14	7.090e-14	1.431e-13	1.100e-12
23.74	1.303e-12	2.300e-14	1.150e-13	1.415e-13	1.024e-12
23.86	1.245e-12	2.055e-14	5.801e-14	1.393e-13	1.027e-12
23.97	1.264e-12	2.453e-14	5.792e-14	1.533e-13	1.029e-12
24.08	1.304e-12	2.181e-14	7.413e-14	1.172e-13	1.091e-12
24.19	1.217e-12	2.550e-14	5.609e-14	2.007e-13	9.343e-13
24.31	1.040e-12	2.742e-14	6.470e-14	1.013e-13	8.462e-13
24.42	1.146e-12	1.940e-14	5.909e-14	1.009e-13	9.662e-13
24.53	1.320e-12	1.786e-14	8.789e-14	1.258e-13	1.089e-12
24.64	9.446e-13	1.677e-14	5.081e-14	9.957e-14	7.774e-13
24.76	9.371e-13	1.549e-14	4.743e-14	9.938e-14	7.748e-13
24.87	1.410e-12	1.672e-14	9.968e-14	9.067e-14	1.203e-12
24.98	1.267e-12	1.588e-14	6.728e-14	1.076e-13	1.076e-12
25.09	1.168e-12	1.882e-14	5.525e-14	1.275e-13	9.664e-13
25.21	1.244e-12	1.532e-14	4.897e-14	8.149e-14	1.098e-12
25.32	9.190e-13	2.611e-14	5.115e-14	9.321e-14	7.485e-13
25.43	1.115e-12	1.438e-14	5.677e-14	9.744e-14	9.460e-13
25.54	7.813e-13	1.287e-14	3.209e-14	6.294e-14	6.734e-13
25.66	8.008e-13	5.993e-14	5.100e-14	6.184e-14	6.280e-13
25.77	9.845e-13	1.353e-14	3.306e-14	5.616e-14	8.818e-13
25.88	7.810e-13	2.232e-14	4.702e-14	7.285e-14	6.388e-13
25.99	9.940e-13	1.173e-14	3.888e-14	1.109e-13	8.325e-13
26.11	8.938e-13	1.944e-14	3.884e-14	6.422e-14	7.713e-13
26.22	9.050e-13	9.977e-15	2.763e-14	6.681e-14	8.006e-13
26.33	9.784e-13	9.135e-15	2.773e-14	4.924e-14	8.923e-13
26.44	8.353e-13	1.205e-14	4.543e-14	5.516e-14	7.226e-13
26.56	1.193e-12	8.326e-15	5.037e-14	4.664e-13	6.679e-13
26.67	8.320e-13	7.937e-15	2.709e-14	5.141e-14	7.456e-13
26.78	6.773e-13	1.029e-14	2.687e-14	5.691e-14	5.833e-13
26.89	7.253e-13	7.850e-15	3.887e-14	4.516e-14	6.334e-13
27.01	8.535e-13	8.389e-15	2.312e-14	1.631e-13	6.589e-13
27.12	9.459e-13	7.537e-15	2.461e-14	6.732e-14	8.465e-13
27.23	8.245e-13	2.569e-14	3.021e-14	6.594e-14	7.026e-13
27.34	9.191e-13	7.615e-15	2.806e-14	8.180e-14	8.016e-13
27.46	6.491e-13	1.338e-14	2.740e-14	4.496e-14	5.633e-13
27.57	7.476e-13	6.446e-15	2.146e-14	4.823e-14	6.714e-13
27.68	6.587e-13	8.444e-15	2.582e-14	3.390e-14	5.906e-13
27.79	6.978e-13	7.787e-15	1.902e-14	4.385e-14	6.271e-13
27.91	8.023e-13	7.548e-15	3.851e-14	6.785e-14	6.884e-13
28.02	5.796e-13	5.285e-15	1.954e-14	3.933e-14	5.155e-13
28.13	5.784e-13	5.759e-15	1.826e-14	3.948e-14	5.149e-13
28.24	7.020e-13	5.039e-15	1.791e-14	4.002e-14	6.390e-13
28.36	5.756e-13	7.534e-15	1.732e-14	2.922e-14	5.215e-13
28.47	7.202e-13	7.448e-15	1.984e-14	3.627e-14	6.566e-13
28.58	5.898e-13	4.745e-15	1.780e-14	3.512e-14	5.321e-13
28.69	5.153e-13	7.272e-15	1.694e-14	3.301e-14	4.581e-13
28.81	7.121e-13	4.389e-15	2.340e-14	2.736e-14	6.569e-13
28.92	6.652e-13	5.775e-15	2.305e-14	3.328e-14	6.031e-13
29.03	5.846e-13	4.694e-15	1.683e-14	2.504e-14	5.381e-13
29.14	8.407e-13	7.623e-15	1.452e-14	8.108e-14	7.375e-13
29.26	6.417e-13	4.344e-15	2.236e-14	1.079e-13	5.070e-13
29.37	7.276e-13	5.184e-15	1.031e-14	2.761e-14	6.845e-13
29.48	5.722e-13	4.612e-15	1.207e-14	2.266e-14	5.328e-13
29.59	4.869e-13	3.362e-15	1.010e-14	3.036e-14	4.431e-13
29.71	6.268e-13	4.718e-15	1.161e-14	5.809e-14	5.524e-13
29.82	5.140e-13	3.028e-15	1.137e-14	2.912e-14	4.705e-13
29.93	3.970e-11	1.040e-11	1.068e-11	7.360e-12	6.208e-12
30.05	9.010e-11	6.000e-12	1.641e-11	2.187e-11	4.582e-11
30.16	8.230e-11	2.341e-12	8.921e-12	1.511e-11	5.593e-11
30.27	7.040e-11	1.528e-12	5.128e-12	1.097e-11	5.277e-11
30.38	6.260e-11	9.036e-13	3.609e-12	8.426e-12	4.966e-11
30.50	5.479e-11	7.098e-13	3.221e-12	6.641e-12	4.421e-11
30.61	4.780e-11	3.454e-13	2.484e-12	5.272e-12	3.970e-11
30.72	4.191e-11	2.808e-13	1.850e-12	3.985e-12	3.579e-11
30.83	3.675e-11	3.412e-13	1.338e-12	3.280e-12	3.180e-11
30.95	3.235e-11	2.192e-13	1.242e-12	2.632e-12	2.826e-11
31.06	2.999e-11	1.766e-13	1.149e-12	2.498e-12	2.616e-11
31.17	2.626e-11	1.773e-13	7.669e-13	2.010e-12	2.330e-11
31.28	2.425e-11	1.531e-13	7.923e-13	1.745e-12	2.156e-11
31.40	2.211e-11	1.267e-13	6.045e-13	1.790e-12	1.959e-11
31.51	2.066e-11	1.203e-13	5.313e-13	1.468e-12	1.854e-11
31.62	1.754e-11	5.493e-14	4.300e-13	1.201e-12	1.585e-11
31.73	1.666e-11	6.426e-14	4.261e-13	1.208e-12	1.496e-11
31.85	1.565e-11	6.818e-14	3.359e-13	1.151e-12	1.410e-11
31.96	1.411e-11	6.512e-14	2.358e-13	8.032e-13	1.300e-11
32.07	1.345e-11	7.440e-14	2.779e-13	8.402e-13	1.226e-11
32.18	1.194e-11	4.528e-14	1.926e-13	5.776e-13	1.113e-11
32.30	1.144e-11	4.338e-14	1.901e-13	6.224e-13	1.059e-11
32.41	1.046e-11	4.115e-14	2.143e-13	6.668e-13	9.535e-12
32.52	9.939e-12	2.534e-14	1.672e-13	6.356e-13	9.111e-12
32.63	9.396e-12	2.867e-14	2.441e-13	4.685e-13	8.655e-12
32.75	8.639e-12	2.162e-14	1.112e-13	4.083e-13	8.098e-12
32.86	7.874e-12	2.895e-14	1.274e-13	3.446e-13	7.373e-12
32.97	7.454e-12	1.893e-14	1.240e-13	3.005e-13	7.011e-12
33.08	7.027e-12	1.793e-14	2.058e-13	3.527e-13	6.450e-12
33.20	6.679e-12	1.770e-14	8.360e-14	2.877e-13	6.290e-12
33.31	6.272e-12	1.599e-14	9.427e-14	2.587e-13	5.903e-12
33.42	5.892e-12	1.925e-14	7.729e-14	2.424e-13	5.553e-12
33.53	5.534e-12	1.331e-14	6.737e-14	2.300e-13	5.223e-12
