0.059460293	0.090621961
0.059460293	0.090621961
0.059460293	0.090621961
0.059460293	0.090621961
0.059460293	0.090621961
0.059460293	0.090621961
0.059460293	0.090621961
0.059460293	0.090621961
0.059460293	0.090621961
0.059460293	0.090621961
0.059490642	0.09102082
0.059299408	0.088512114
0.059139614	0.086424217
0.059291603	0.08840995
0.059379916	0.089566936
0.059483737	0.090930039
0.059524567	0.091466985
0.059512847	0.091312811
0.059435549	0.090296968
0.059249879	0.087864131
0.059307823	0.088622272
0.05942026	0.090096255
0.059492845	0.091049785
0.059554887	0.091866026
0.059570822	0.092075865
0.059595576	0.092401961
0.059915557	0.096633134
0.060388197	0.102935315
0.06048707	0.104261362
0.060075664	0.098761113
0.059692139	0.093675751
0.059624855	0.092787901
0.059702828	0.093816916
0.059840014	0.095631589
0.059891684	0.096316459
0.059898203	0.09640292
0.05992207	0.096719567
0.059934275	0.096881547
0.059805629	0.095176252
0.059688308	0.093625162
0.0597159	0.093989595
0.059947573	0.09705809
0.060099455	0.099077923
0.060082441	0.09885135
0.060009401	0.097879549
0.059938245	0.096934243
0.059935249	0.09689448
0.060038702	0.098269219
0.060112515	0.099251903
0.059938991	0.096944156
0.05974636	0.094392163
0.059755532	0.094513442
0.059886034	0.096241529
0.059863782	0.09594653
0.059759929	0.094571592
0.059760873	0.094584073
0.059845837	0.095708735
0.05985594	0.095842603
0.059819758	0.095363313
0.05974491	0.094372995
0.059705116	0.093847136
0.05976684	0.094662995
0.059831651	0.095520812
0.059801885	0.095126689
0.059808538	0.095214755
0.059829532	0.095492743
0.059856711	0.095852822
0.059889142	0.09628274
0.060023735	0.09807015
0.060069296	0.098676347
0.059918184	0.096667999
0.059729858	0.094174045
0.059698126	0.093754815
0.059820742	0.095376345
0.059828496	0.095479031
0.059663503	0.093297729
0.059450444	0.090492585
0.059342809	0.089080512
0.059308022	0.088624879
0.059274017	0.088179833
0.059248531	0.087846515
0.059234785	0.087666813
0.059228341	0.087582593
0.059221894	0.087498346
0.059215445	0.087414075
0.059208992	0.087329779
0.059202537	0.087245456
0.059250614	0.087873746
0.059350191	0.089177246
0.059469443	0.090742183
0.059574918	0.092129809
0.059691727	0.093670312
0.059794703	0.095031628
0.059866122	0.095977552
0.059923032	0.096732326
0.05997575	0.097432323
0.05999769	0.097723878
0.059974651	0.097417717
0.059952006	0.09711695
0.059958396	0.097201812
0.059982706	0.097524737
0.059898673	0.096409146
0.059794281	0.09502605
0.059785771	0.094913427
0.059863848	0.095947406
0.059867455	0.095995213
0.059826578	0.095453626
0.059816372	0.095318473
0.059821836	0.095390822
0.059790612	0.094977491
0.059764375	0.094630382
0.059811625	0.095255619
0.059861127	0.095911343
0.059856321	0.095847648
0.059858325	0.095874203
0.05990331	0.096470655
0.059933173	0.096866926
0.059928128	0.096799957
0.059913586	0.09660699
0.059936238	0.096907598
0.060005441	0.097826897
0.060049842	0.09841743
0.060018058	0.09799465
0.059928337	0.09680273
0.059830016	0.095499158
0.059833351	0.095543332
0.059890303	0.096298138
0.059888018	0.096267835
0.059779214	0.094826681
0.059715473	0.09398396
0.059685514	0.093588268
0.059743248	0.094351025
0.059720849	0.094054985
0.059668667	0.093365881
0.059609761	0.092588915
0.059566743	0.092022135
0.059641654	0.093009458
0.059815078	0.095301342
0.059967922	0.097328336
0.060023058	0.098061145
0.059982563	0.097522846
0.059901858	0.096451393
0.059816639	0.095322008
0.059742314	0.094338681
0.059721625	0.09406524
0.059794721	0.095031871
0.059934838	0.096889018
0.060069032	0.098672824
0.060163009	0.099925014
0.06020267	0.100454191
0.060157878	0.099856584
0.060028614	0.098135034
0.059908096	0.096534142
0.059879823	0.096159176
0.059937375	0.096922699
0.060065364	0.098624004
0.060124276	0.099408621
0.060117765	0.099321855
0.060103469	0.099131392
0.060146862	0.099709683
0.060140697	0.0996275
0.060111296	0.099235669
0.060127009	0.099445046
0.060177119	0.100113231
0.060210883	0.100563835
0.060209756	0.100548791
0.060208629	0.100533746
0.060204874	0.100483611
0.06017016	0.100020393
0.060092202	0.098981324
0.060042789	0.098323591
0.060182116	0.100179895
0.060388381	0.102937781
0.060463697	0.103947651
0.060357304	0.102521524
0.060266541	0.101307318
0.06022203	0.100712667
0.060190747	0.100295071
0.060125332	0.099422701
0.060057904	0.098524716
0.060057904	0.098524716
0.060057904	0.098524716
0.060057904	0.098524716
0.060057904	0.098524716
0.060057904	0.098524716
0.060057904	0.098524716
0.060057904	0.098524716
0.060057904	0.098524716
0.060057904	0.098524716
0.060057904	0.098524716
0.060057904	0.098524716
0.060057904	0.098524716
0.060057904	0.098524716
0.060057904	0.098524716
0.060057904	0.098524716
0.060057904	0.098524716
0.060057904	0.098524716
0.060057904	0.098524716
0.060057904	0.098524716
0.060057904	0.098524716
0.060057904	0.098524716
0.060057904	0.098524716
0.060057904	0.098524716
0.060057904	0.098524716
0.060057904	0.098524716
0.060057904	0.098524716
0.060057904	0.098524716
0.060057904	0.098524716
0.060057904	0.098524716
0.060057904	0.098524716
0.060057904	0.098524716
0.060057904	0.098524716
0.060057904	0.098524716
0.060057904	0.098524716
0.060057904	0.098524716
0.060057904	0.098524716
0.060057904	0.098524716
0.060057904	0.098524716
0.060057904	0.098524716
0.060057904	0.098524716
0.060057904	0.098524716
0.060057904	0.098524716
0.060057904	0.098524716
0.060057904	0.098524716
0.060057904	0.098524716
0.060057904	0.098524716
0.060057904	0.098524716
0.060057904	0.098524716
0.060057904	0.098524716
0.060057904	0.098524716
0.060057904	0.098524716
0.060057904	0.098524716
0.060057904	0.098524716
0.060057904	0.098524716
0.060057904	0.098524716
0.060057904	0.098524716
0.060057904	0.098524716
0.060057904	0.098524716
0.060057904	0.098524716
0.060057904	0.098524716
0.060057904	0.098524716
0.060057904	0.098524716
0.060057904	0.098524716
0.060057904	0.098524716
0.060057904	0.098524716
0.060057904	0.098524716
0.060057904	0.098524716
0.060057904	0.098524716
0.060057904	0.098524716
0.060057904	0.098524716
0.060057904	0.098524716
0.060057904	0.098524716
0.060057904	0.098524716
0.060057904	0.098524716
0.060057904	0.098524716
0.060057904	0.098524716
0.060057904	0.098524716
0.060057904	0.098524716
0.060057904	0.098524716
0.060057904	0.098524716
0.060057904	0.098524716
0.060057904	0.098524716
0.060057904	0.098524716
0.060057904	0.098524716
0.060057904	0.098524716
0.060057904	0.098524716
0.060057904	0.098524716
0.060057904	0.098524716
0.060057904	0.098524716
0.060057904	0.098524716
0.060057904	0.098524716
0.060057904	0.098524716
0.060057904	0.098524716
0.060057904	0.098524716
0.060057904	0.098524716
0.060057904	0.098524716
0.060057904	0.098524716
0.060057904	0.098524716
0.060057904	0.098524716
0.060057904	0.098524716
0.060057904	0.098524716
0.060057904	0.098524716
0.060057904	0.098524716
0.060057904	0.098524716
0.060057904	0.098524716
0.060057904	0.098524716
0.060057904	0.098524716
0.060057904	0.098524716
0.060057904	0.098524716
0.060057904	0.098524716
0.060057904	0.098524716
0.060057904	0.098524716
0.060057904	0.098524716
0.060057904	0.098524716
0.060057904	0.098524716
0.060057904	0.098524716
0.060057904	0.098524716
0.060057904	0.098524716
0.060057904	0.098524716
0.060057904	0.098524716