   1.7720000e+03   1.7453293e-03
   1.2990000e+03   2.1991149e-03
   9.5290000e+02   2.7576202e-03
   7.0110000e+02   3.4906585e-03
   5.1510000e+02   4.3807764e-03
   3.7740000e+02   5.5152404e-03
   2.7710000e+02   6.9464104e-03
   2.0180000e+02   8.7440996e-03
   1.4480000e+02   1.1013028e-02
   1.0250000e+02   1.3857914e-02
   7.1810000e+01   1.7453293e-02
   4.9720000e+01   2.1973695e-02
   3.4050000e+01   2.7663469e-02
   2.2880000e+01   3.4819319e-02
   1.5210000e+01   4.3842671e-02
   1.0040000e+01   5.5187311e-02
   6.5980000e+00   6.9481558e-02
   4.3070000e+00   8.7475902e-02
   2.8150000e+00   1.1013028e-01
   1.8240000e+00   1.3863150e-01
   1.1560000e+00   1.7453293e-01
   4.9070000e-01   2.6179939e-01
   2.4510000e-01   3.4906585e-01
   1.4760000e-01   4.3633231e-01
   8.6330000e-02   5.2359878e-01
   5.9480000e-02   6.1086524e-01
   4.2220000e-02   6.9813170e-01
   3.0760000e-02   7.8539816e-01
   2.2820000e-02   8.7266463e-01
   1.7040000e-02   9.5993109e-01
   1.3160000e-02   1.0471976e+00
   1.0490000e-02   1.1344640e+00
   8.5120000e-03   1.2217305e+00
   6.9960000e-03   1.3089969e+00
   5.8590000e-03   1.3962634e+00
   4.9670000e-03   1.4835299e+00
   4.3050000e-03   1.5707963e+00
   3.7920000e-03   1.6580628e+00
   3.4140000e-03   1.7453293e+00
   3.1250000e-03   1.8325957e+00
   2.9200000e-03   1.9198622e+00
   2.8050000e-03   2.0071286e+00
   2.6930000e-03   2.0943951e+00
   2.5790000e-03   2.1816616e+00
   2.4830000e-03   2.2689280e+00
   2.3830000e-03   2.3561945e+00
   2.3360000e-03   2.4434610e+00
   2.3200000e-03   2.5307274e+00
   2.3710000e-03   2.6179939e+00
   2.5130000e-03   2.7052603e+00
   2.6690000e-03   2.7925268e+00
   2.8430000e-03   2.8797933e+00
   3.0390000e-03   2.9670597e+00
   3.1010000e-03   3.0543262e+00
   3.1630000e-03   3.1415927e+00